ogt_rgr_data_co2: 0.002785791181924379
ogt_rgr_data_n_test: 20707
ogt_rgr_data_n_train: 153658
ogt_rgr_test_mean: 26.66388037747585
ogt_rgr_train_mean: 49.808150633525074
ogt_rgr_train_std: 26.66388037747585
