ogt_rgr_data_co2: 0.0025978871696260997
ogt_rgr_data_n_test: 16326
ogt_rgr_data_n_train: 146932
ogt_rgr_test_mean: 23.08866429263431
ogt_rgr_train_mean: 45.47960000038147
ogt_rgr_train_std: 23.08866429263431
