ogt_cfr_bal_test: 0.49552590687456466
ogt_cfr_bal_train: 0.49178688163464573
ogt_cfr_data_co2: 0.036592308845992155
ogt_cfr_data_n_test: 18663
ogt_cfr_data_n_train: 167963
