ogt_cfr_bal_test: 0.48092997508995294
ogt_cfr_bal_train: 0.4807479394759503
ogt_cfr_data_co2: 0.03777921513246136
ogt_cfr_data_n_test: 18065
ogt_cfr_data_n_train: 162580
