data_emissions: 0.00032851135169755067
epoch: 100.0
eval_accuracy: 0.01575795776867318
eval_f1: 0.031026993484331366
eval_loss: 0.7031072974205017
eval_matthew: 0.0
eval_runtime: 102.0079
eval_samples_per_second: 31.105
eval_steps_per_second: 0.314
model_emissions: 0.003669881443291554
