data_emissions: 0.00030827126140406955
epoch: 100.0
eval_accuracy: 0.013215859030837005
eval_f1: 0.02608695652173913
eval_loss: 0.7000799179077148
eval_matthew: 0.0
eval_runtime: 102.1428
eval_samples_per_second: 31.113
eval_steps_per_second: 0.313
model_emissions: 0.003854747379831154
